%YAML:1.0
# #陀螺仪到相机的变换矩阵 R_c = T_ci * R_i
# T_ci: [-0.20721823, 0.97479883, -0.08263077, -0.00235979,
#            -0.03512355, -0.09182276, -0.99515573, 0.01517211,
#            -0.97766402, -0.20331212, 0.05326574, -0.03493197,
#                 0,       0,           0,          1            ]
# #相机到陀螺仪的变换矩阵 R_i = T_ic * R_c
# T_ic: [-0.20721823, -0.03512355, -0.97766402, -0.03410782,
#             0.97479883, -0.09182276, -0.20331212, -0.00340863,
#            -0.08263077, -0.99515573, 0.05326574, 0.01676429,
#             0          ,0           ,0           ,1           ]
# #陀螺仪至云台转轴中心平移向量 R_w = R_i - T_iw
# # T_ic: [ 0.94922302,  0.29243154, -0.11601485 , 0.07863365,
# #           -0.3109452 ,  0.81598651, -0.48731827,  0.00045257,
# #            -0.04784068 , 0.49864798,  0.86548337 , 0.00837691,
# #            0,         0,          0,          1       ]
# # T_ci: [0.94922302 ,-0.3109452,  -0.04784068, -0.07409939,
# #           0.29243154,  0.81598651 , 0.49864798 ,-0.02754138,
# #           -0.11601485, -0.48731827,  0.86548337 , 0.00209314,
# #           0,          0,         0,          1        ]
# T_iw: [0, 0, -0.20]
# T_cc: [957.669211, 0.000000, 345.943891,
#       0.000000, 969.127115, 284.057302,
#       0.000000, 0.000000, 1.000000]

#陀螺仪至云台转轴中心平移向量 R_w = R_i - T_iw
T_ic: [ 0.03614265, -0.02790465, 0.99895698, 0.00155259,
          -0.99934535 ,-0.00261589, 0.03608363, -0.00078154,
           0.00160626, -0.99960717, -0.02798093 ,-0.00055286,
      0,0,0,1]
T_ci: [ 0.03614265 ,-0.99934535 ,0.00160626, -0.00083625,
          -0.02790465, -0.00261589, -0.99960717, -0.00051136,
          0.99895698, 0.03608363 ,-0.02798093 ,-0.00153824,
           0,0,0,1]
T_iw: [0, 0, -0.455]
T_cc: [878.88319, 0.000000, 318.02576,
      0.000000, 878.026845, 254.78477, 
      0.000000, 0.000000, 1.000000]